              precision    recall  f1-score   support

     Digit 0     0.9949    0.9969    0.9959       980
     Digit 1     0.9956    0.9938    0.9947      1135
     Digit 2     0.9828    0.9952    0.9889      1032
     Digit 3     0.9921    0.9950    0.9936      1010
     Digit 4     0.9949    0.9868    0.9908       982
     Digit 5     0.9922    0.9933    0.9927       892
     Digit 6     0.9948    0.9906    0.9927       958
     Digit 7     0.9912    0.9844    0.9878      1028
     Digit 8     0.9918    0.9908    0.9913       974
     Digit 9     0.9812    0.9841    0.9827      1009

    accuracy                         0.9911     10000
   macro avg     0.9911    0.9911    0.9911     10000
weighted avg     0.9911    0.9911    0.9911     10000
