              precision    recall  f1-score   support

     Digit 0     0.9918    0.9878    0.9898       980
     Digit 1     0.9877    0.9930    0.9903      1135
     Digit 2     0.9533    0.9884    0.9705      1032
     Digit 3     0.9790    0.9673    0.9731      1010
     Digit 4     0.9905    0.9603    0.9752       982
     Digit 5     0.9669    0.9821    0.9744       892
     Digit 6     0.9803    0.9854    0.9828       958
     Digit 7     0.9674    0.9815    0.9744      1028
     Digit 8     0.9862    0.9517    0.9687       974
     Digit 9     0.9664    0.9683    0.9673      1009

    accuracy                         0.9768     10000
   macro avg     0.9769    0.9766    0.9767     10000
weighted avg     0.9770    0.9768    0.9768     10000
