              precision    recall  f1-score   support

     Digit 0     0.9522    0.9765    0.9642       980
     Digit 1     0.9627    0.9789    0.9707      1135
     Digit 2     0.9281    0.9012    0.9145      1032
     Digit 3     0.9047    0.9119    0.9083      1010
     Digit 4     0.9360    0.9379    0.9369       982
     Digit 5     0.8953    0.8722    0.8836       892
     Digit 6     0.9420    0.9499    0.9459       958
     Digit 7     0.9341    0.9232    0.9286      1028
     Digit 8     0.8825    0.8789    0.8807       974
     Digit 9     0.9114    0.9177    0.9146      1009

    accuracy                         0.9259     10000
   macro avg     0.9249    0.9248    0.9248     10000
weighted avg     0.9257    0.9259    0.9257     10000
